0.0 2.0 12.0 112.0 122.0 1091.0 1101.0 1201.0 1211.0
2.0 0.0 0.08324139562300775 0.11314569303996594 0.07942117502267235 0.11760867799151023 0.11946326833464624 0.10542155453707654 -1.0
12.0 0.08324139562300775 0.0 0.1235871805603441 0.09034035941997154 0.12820921523611428 0.13005888415429856 0.11594802228711035 -1.0
112.0 0.11314569303996594 0.1235871805603441 0.0 0.11988820397795492 0.1349772516014223 0.13677930495582344 0.11887405128688405 -1.0
122.0 0.07942117502267235 0.09034035941997154 0.11988820397795492 0.0 0.12403720007563884 0.12588767714448568 0.1120979606849911 -1.0
1091.0 0.11760867799151023 0.12820921523611428 0.1349772516014223 0.12403720007563884 0.0 0.11061509204201742 0.12537434890065774 -1.0
1101.0 0.11946326833464624 0.13005888415429856 0.13677930495582344 0.12588767714448568 0.11061509204201742 0.0 0.12707997963603004 -1.0
1201.0 0.10542155453707654 0.11594802228711035 0.11887405128688405 0.1120979606849911 0.12537434890065774 0.12707997963603004 0.0 -1.0
1211.0 -1.0 -1.0 -1.0 -1.0 -1.0 -1.0 -1.0 0.0
